[839, 1091, 38, 21]
[351, 1091, 38, 26]
[1423, 1089, 27, 16]
[1033, 1089, 33, 22]
[639, 1089, 36, 26]
[445, 1089, 40, 27]
[157, 1089, 39, 30]
[739, 1087, 38, 26]
[547, 1087, 36, 30]
[247, 1087, 52, 31]
[1611, 1085, 33, 21]
[1231, 1085, 25, 25]
[2079, 1083, 33, 20]
[1983, 1083, 42, 22]
[1889, 1083, 33, 22]
[1799, 1083, 39, 22]
[1515, 1083, 37, 24]
[1323, 1083, 36, 26]
[937, 1083, 42, 30]
[2915, 1082, 40, 16]
[2171, 1081, 36, 20]
[1701, 1081, 36, 27]
[2259, 1080, 43, 24]
[1131, 1079, 30, 33]
[2354, 1077, 46, 26]
[2821, 1076, 46, 25]
[3197, 1075, 46, 24]
[3097, 1075, 50, 24]
[2635, 1074, 50, 27]
[2531, 1073, 60, 31]
[2441, 1073, 43, 31]
[3007, 1072, 43, 26]
[2729, 1069, 40, 33]
[241, 1021, 43, 24]
[144, 1021, 44, 26]
[337, 1020, 43, 27]
[535, 1019, 42, 28]
[437, 1019, 50, 24]
[731, 1018, 36, 25]
[639, 1018, 34, 27]
[929, 1017, 36, 21]
[831, 1017, 36, 28]
[1123, 1016, 33, 27]
[1319, 1015, 38, 21]
[1225, 1015, 26, 26]
[1025, 1015, 33, 28]
[1413, 1014, 45, 25]
[1795, 1013, 31, 20]
[1607, 1013, 28, 21]
[1513, 1013, 33, 21]
[1981, 1012, 36, 22]
[1887, 1012, 36, 27]
[1695, 1012, 62, 27]
[2073, 1011, 36, 26]
[2255, 1010, 38, 25]
[2168, 1010, 37, 25]
[2357, 1009, 36, 26]
[2451, 1008, 38, 24]
[2731, 1007, 36, 24]
[2639, 1007, 37, 24]
[2544, 1007, 37, 24]
[2923, 1006, 33, 25]
[2825, 1006, 38, 25]
[3201, 1005, 36, 26]
[3017, 1005, 28, 19]
[3107, 1004, 36, 25]
